17,25,31,22,79,72,58,47,62,50,30,91,11,63,66,83,33,75,44,18,56,81,32,46,93,13,41,65,14,95,19,38,8,35,52,7,12,70,84,23,4,42,90,60,6,40,97,16,27,86,5,48,54,64,29,67,26,89,99,53,34,0,57,3,92,37,59,9,21,78,51,80,73,82,76,28,88,96,45,69,98,1,2,71,68,49,36,15,55,39,87,77,74,94,61,85,10,43,20,24

36 11 70 77 80
63  3 56 75 28
89 91 27 33 82
53 79 52 96 32
58 14 78 65 38

26 15 50 56  2
20 27 42 11 16
93 44 38 28 68
66 88 78 81 77
91 46 55 86  6

46 53 14 17 75
71  4 70 99 48
65 96 68 80 72
 3 97 62 37 88
82 35 36 23 39

17  1 61 77  5
74 60 12 24 48
34 19 68 65 86
44 59 38 40 95
67 64  9 52 27